100
4945 279540 7
1551 635917 7
6311 744038 5
1002 914907 8
121 121 11
3459 893118 8
0 100 2
6673 645665 9
7243 39232 6
8439 865622 9
1209 371972 7
8135 346033 4
0 1000000000000000000 1
2791 674701 5
5630 555906 6
1396 974496 5
9325 343906 8
7668 468727 8
1813 539974 3
1616 875376 6
7075 952308 3
34432 9999920 222
5759 165757 6
121 132 1
4017 755925 4
2789 205886 5
22322 22322 1
3725 832955 1
4401 792858 5
4766 385349 3
646 753992 3
9929 160753 4
1056 45030 4
3376 156586 6
1363 123520 8
8429 327368 2
1108 708286 6
5230 55195 9
4131 988357 1
873 84000 1
258 978067 6
5579 763362 2
9352 507517 9
5541 34105 7
2965 769993 4
0 1000000000000000000 1000000000
7998 968182 1
8984 321196 7
9628 221919 9
8324 696474 7
999 99999 78788
2519 171840 3
9151 163110 6
2035 587687 6
5272 393026 2
7597 115191 5
9390 517315 4
9332 549970 6
9385 146808 1
3976 759716 7
5992 237133 9
3491 376189 1
8892 186601 5
886 56750 8
1516 476245 5
121 131 1
3748 207521 4
39 1000000 3
21345 4441283 13
4153 196591 1
4827 379304 8
2228 961000 6
9481 668314 4
852 514597 2
490 499674 1
6760 325542 7
1000000000 1000000000000000000 1
9523 81976 5
8229 384684 2
3286 977701 4
10 22322 2
100000 1000000000000000000 3
5303 577653 4
4609 64949 8
9974 603759 9
0 132 1
8989 909410 5
2590 45700 5
1405 52064 3
9705 834597 8
6916 519450 6
2433 588437 7
7977 626769 9
378 659223 5
9412 458712 2
6153 882984 8
9046 160519 7
8764 690922 4
2684 313879 3
2871 611476 1
