100
9999997
9999999
5
3410821
4
8763892
9999930
5462959
3855409
4751053
9999163
8873129
1221469
9999931
9999929
1
4461643
3132736
9971849
9
9999971
4125389
1862603
7783893
559513
9299449
9999162
390548
9999998
9999996
6865010
1750607
3910981
9999991
592432
9682616
3949061
8460583
4572049
9010879
983469
2872729
1403870
8237213
6
9325574
4170220
10000000
3323191
7203246
8248729
12
2360890
6463741
4461642
9309119
615403
7551991
9999972
928009
9987391
7742461
4936439
8603593
2896297
6697461
6537523
9516811
5001361
10
1144
1507483
3929879
11
3023326
1281246
2
9999973
9999995
5331653
9999161
3191803
5094841
5388168
2044523
3
13
6704676
5103067
3702389
4461641
140839
7762723
8
8184167
7
2196613
4046177
1264969
8697851
